17
NOR2      0         -         641         99    
OR2       1         -         639         151   
XOR2      2         -         709         123   
AND2      3         -         639         215   
NAND2     4         -         638         273   
NOR2      5         -         706         235   
XOR2      6         -         771         182   
NOT       7         -         464         98    
NOT       8         -         516         98    
NOT       9         -         461         176   
NOT       10        -         511         176   
NOT       11        -         458         266   
NOT       12        -         516         265   
NOT       13        -         456         350   
NOT       14        -         513         350   
NOT       15        -         457         439   
NOT       16        -         519         439   
19
0         2         1         
1         2         2         
2         6         1         
5         6         2         
3         5         1         
4         5         2         
7         8         1         
9         10        1         
11        12        1         
13        14        1         
15        16        1         
8         0         1         
8         4         1         
10        3         1         
12        3         2         
14        1         1         
14        4         2         
16        0         2         
16        1         2         
