17
NOT       0         -         464         98    
NOT       1         -         516         98    
NOT       2         -         461         176   
NOT       3         -         511         176   
NOT       4         -         458         266   
NOT       5         -         516         265   
NOT       6         -         456         350   
NOT       7         -         513         350   
NOT       8         -         457         439   
NOT       9         -         519         439   
XOR2      10        -         634         343   
NAND2     11        -         631         402   
XOR2      12        -         630         473   
NAND2     13        -         628         532   
NOR2      14        -         705         370   
OR2       15        -         702         496   
NAND2     16        -         758         431   
19
0         1         1         
2         3         1         
4         5         1         
6         7         1         
8         9         1         
10        14        1         
11        14        2         
12        15        1         
13        15        2         
14        16        1         
15        16        2         
1         11        1         
3         10        1         
5         10        2         
5         11        2         
5         13        1         
7         12        1         
9         12        2         
9         13        2         
