24
NOR2      0         -         211         101   
OR2       1         -         209         153   
XOR2      2         -         279         125   
AND2      3         -         209         217   
NAND2     4         -         208         275   
NOR2      5         -         276         237   
XOR2      6         -         341         184   
NOT       13        -         34          100   
NOT       14        -         86          100   
NOT       15        -         31          178   
NOT       16        -         81          178   
NOT       17        -         28          268   
NOT       18        -         86          267   
NOT       19        -         26          352   
NOT       20        -         83          352   
NOT       21        -         27          441   
NOT       22        -         89          441   
XOR2      28        -         204         345   
NAND2     29        -         201         404   
XOR2      30        -         200         475   
NAND2     31        -         198         534   
NOR2      32        -         275         372   
OR2       33        -         272         498   
NAND2     34        -         328         433   
33
0         2         1         
1         2         2         
2         6         1         
5         6         2         
3         5         1         
4         5         2         
13        14        1         
15        16        1         
17        18        1         
19        20        1         
21        22        1         
28        32        1         
29        32        2         
30        33        1         
31        33        2         
32        34        1         
33        34        2         
14        0         1         
14        4         1         
14        29        1         
16        3         1         
16        28        1         
18        3         2         
18        28        2         
18        29        2         
18        31        1         
20        1         1         
20        4         2         
20        30        1         
22        0         2         
22        1         2         
22        30        2         
22        31        2         
      
