24
NOR2      0         -         607         117   
AND2      1         -         608         166   
OR2       2         -         684         136   
XOR2      3         -         605         232   
NOR2      4         -         606         284   
NAND2     5         -         679         245   
XOR2      6         F0        762         182   
AND2      7         -         607         353   
NOR2      8         -         604         407   
AND2      9         -         679         366   
XOR2      10        -         601         482   
NOR2      11        -         600         537   
NAND2     12        -         676         507   
NOR2      13        F1        753         432   
NOT       14        A         373         131   
NOT       15        -         429         130   
NOT       16        B         374         217   
NOT       17        -         430         217   
NOT       18        C         370         305   
NOT       19        -         424         304   
NOT       20        D         366         395   
NOT       21        -         428         395   
NOT       22        E         376         495   
NOT       23        -         430         494   
33
0         2         1         
1         2         2         
3         5         1         
4         5         2         
2         6         1         
5         6         2         
7         9         1         
8         9         2         
10        12        1         
11        12        2         
9         13        1         
12        13        2         
14        15        1         
16        17        1         
18        19        1         
20        21        1         
22        23        1         
15        1         1         
15        11        1         
17        3         1         
17        10        1         
19        0         1         
19        4         1         
19        7         1         
19        8         1         
21        0         2         
21        1         2         
21        3         2         
21        8         2         
23        4         2         
23        7         2         
23        10        2         
23        11        2         
